model	sample_size	rep	mut_count	mean_MAF	median_MAF	sd_MAF	Q1_MAF	Q3_MAF
Neu/DFE1	100	1	1	0.03	0.03	NA	0.03	0.03
Neu/DFE1	100	2	2	0.11499999999999999	0.11499999999999999	0.09192388155425117	0.0825	0.14750000000000002
Neu/DFE1	100	3	1	0.08	0.08	NA	0.08	0.08
Neu/DFE1	100	4	0	NA	NA	NA	NA	NA
Neu/DFE1	100	5	0	NA	NA	NA	NA	NA
Neu/DFE1	100	6	3	0.16	0.03	0.22516660498395405	0.03	0.22499999999999998
Neu/DFE1	100	7	1	0.04	0.04	NA	0.04	0.04
Neu/DFE1	100	8	1	0.07	0.07	NA	0.07	0.07
Neu/DFE1	100	9	1	0.15	0.15	NA	0.15	0.15
Neu/DFE1	100	10	0	NA	NA	NA	NA	NA
Neu/DFE1	100	11	2	0.075	0.075	0.06363961030678927	0.0525	0.0975
Neu/DFE1	100	12	2	0.09	0.09	0.08485281374238571	0.06	0.12
Neu/DFE1	100	13	3	0.043333333333333335	0.04	0.015275252316519466	0.035	0.05
Neu/DFE1	100	14	0	NA	NA	NA	NA	NA
Neu/DFE1	100	15	1	0.03	0.03	NA	0.03	0.03
Neu/DFE1	100	16	1	0.03	0.03	NA	0.03	0.03
Neu/DFE1	100	17	2	0.035	0.035	0.007071067811865477	0.0325	0.0375
Neu/DFE1	100	18	0	NA	NA	NA	NA	NA
Neu/DFE1	100	19	4	0.065	0.055	0.03872983346207417	0.045000000000000005	0.075
Neu/DFE1	100	20	1	0.03	0.03	NA	0.03	0.03
Neu/DFE1	100	21	1	0.03	0.03	NA	0.03	0.03
Neu/DFE1	100	22	3	0.05	0.04	0.026457513110645908	0.035	0.06
Neu/DFE1	100	23	1	0.03	0.03	NA	0.03	0.03
Neu/DFE1	100	24	3	0.03	0.03	0	0.03	0.03
Neu/DFE1	100	25	0	NA	NA	NA	NA	NA
Neu/DFE1	100	26	3	0.04	0.04	0.010000000000000002	0.035	0.045
Neu/DFE1	100	27	2	0.04	0.04	0	0.04	0.04
Neu/DFE1	100	28	4	0.052500000000000005	0.05	0.026299556396765837	0.03	0.07250000000000001
Neu/DFE1	100	29	1	0.1	0.1	NA	0.1	0.1
Neu/DFE1	100	30	1	0.04	0.04	NA	0.04	0.04
Neu/DFE1	100	31	1	0.06	0.06	NA	0.06	0.06
Neu/DFE1	100	32	1	0.11	0.11	NA	0.11	0.11
Neu/DFE1	100	33	3	0.043333333333333335	0.04	0.015275252316519466	0.035	0.05
Neu/DFE1	100	34	2	0.035	0.035	0.007071067811865477	0.0325	0.0375
Neu/DFE1	100	35	4	0.0375	0.03	0.015	0.03	0.0375
Neu/DFE1	100	36	2	0.04	0.04	0.014142135623730954	0.035	0.045000000000000005
Neu/DFE1	100	37	3	0.056666666666666664	0.03	0.046188021535170064	0.03	0.07
Neu/DFE1	100	38	4	0.04	0.03	0.020000000000000004	0.03	0.04
Neu/DFE1	100	39	3	0.03	0.03	0	0.03	0.03
Neu/DFE1	100	40	1	0.03	0.03	NA	0.03	0.03
Neu/DFE1	100	41	1	0.03	0.03	NA	0.03	0.03
Neu/DFE1	100	42	3	0.06666666666666667	0.04	0.055075705472861024	0.035	0.085
Neu/DFE1	100	43	2	0.07	0.07	0.0565685424949238	0.05	0.09
Neu/DFE1	100	44	2	0.035	0.035	0.007071067811865477	0.0325	0.0375
Neu/DFE1	100	45	0	NA	NA	NA	NA	NA
Neu/DFE1	100	46	4	0.03	0.03	0	0.03	0.03
Neu/DFE1	100	47	0	NA	NA	NA	NA	NA
Neu/DFE1	100	48	1	0.03	0.03	NA	0.03	0.03
Neu/DFE1	100	49	1	0.03	0.03	NA	0.03	0.03
Neu/DFE1	100	50	0	NA	NA	NA	NA	NA
Neu/DFE1	100	51	1	0.07	0.07	NA	0.07	0.07
Neu/DFE1	100	52	0	NA	NA	NA	NA	NA
Neu/DFE1	100	53	1	0.04	0.04	NA	0.04	0.04
Neu/DFE1	100	54	2	0.03	0.03	0	0.03	0.03
Neu/DFE1	100	55	1	0.03	0.03	NA	0.03	0.03
Neu/DFE1	100	56	0	NA	NA	NA	NA	NA
Neu/DFE1	100	57	2	0.045	0.045	0.021213203435596427	0.0375	0.0525
Neu/DFE1	100	58	2	0.035	0.035	0.007071067811865477	0.0325	0.0375
Neu/DFE1	100	59	4	0.0325	0.03	0.005000000000000001	0.03	0.0325
Neu/DFE1	100	60	4	0.11750000000000001	0.115	0.06800735254367722	0.065	0.16749999999999998
Neu/DFE1	100	61	2	0.03	0.03	0	0.03	0.03
Neu/DFE1	100	62	1	0.08	0.08	NA	0.08	0.08
Neu/DFE1	100	63	1	0.03	0.03	NA	0.03	0.03
Neu/DFE1	100	64	1	0.03	0.03	NA	0.03	0.03
Neu/DFE1	100	65	3	0.13666666666666666	0.06	0.15044378795195676	0.05	0.185
Neu/DFE1	100	66	4	0.0525	0.045	0.026299556396765834	0.0375	0.060000000000000005
Neu/DFE1	100	67	2	0.03	0.03	0	0.03	0.03
Neu/DFE1	100	68	2	0.05500000000000001	0.05500000000000001	0.02121320343559643	0.0475	0.0625
Neu/DFE1	100	69	2	0.04	0.04	0	0.04	0.04
Neu/DFE1	100	70	0	NA	NA	NA	NA	NA
Neu/DFE1	100	71	1	0.03	0.03	NA	0.03	0.03
Neu/DFE1	100	72	2	0.03	0.03	0	0.03	0.03
Neu/DFE1	100	73	2	0.05	0.05	0.014142135623730947	0.045	0.055
Neu/DFE1	100	74	2	0.07	0.07	0.042426406871192854	0.055	0.085
Neu/DFE1	100	75	1	0.09	0.09	NA	0.09	0.09
Neu/DFE1	100	76	0	NA	NA	NA	NA	NA
Neu/DFE1	100	77	5	0.066	0.03	0.06503845016603639	0.03	0.06
Neu/DFE1	100	78	2	0.145	0.145	0.14849242404917498	0.0925	0.1975
Neu/DFE1	100	79	5	0.082	0.05	0.08438009243891595	0.03	0.07
Neu/DFE1	100	80	2	0.035	0.035	0.007071067811865477	0.0325	0.0375
Neu/DFE1	100	81	0	NA	NA	NA	NA	NA
Neu/DFE1	100	82	6	0.16833333333333333	0.14500000000000002	0.1414802695313614	0.0525	0.24500000000000002
Neu/DFE1	100	83	2	0.08	0.08	0.0565685424949238	0.06	0.09999999999999999
Neu/DFE1	100	84	1	0.04	0.04	NA	0.04	0.04
Neu/DFE1	100	85	1	0.14	0.14	NA	0.14	0.14
Neu/DFE1	100	86	0	NA	NA	NA	NA	NA
Neu/DFE1	100	87	0	NA	NA	NA	NA	NA
Neu/DFE1	100	88	3	0.08666666666666667	0.07	0.06658328118479392	0.05	0.115
Neu/DFE1	100	89	3	0.043333333333333335	0.03	0.023094010767585035	0.03	0.05
Neu/DFE1	100	90	3	0.07	0.08	0.0360555127546399	0.055	0.09
Neu/DFE1	100	91	2	0.06	0.06	0.0282842712474619	0.05	0.06999999999999999
Neu/DFE1	100	92	1	0.17	0.17	NA	0.17	0.17
Neu/DFE1	100	93	1	0.04	0.04	NA	0.04	0.04
Neu/DFE1	100	94	2	0.04	0.04	0	0.04	0.04
Neu/DFE1	100	95	2	0.035	0.035	0.007071067811865477	0.0325	0.0375
Neu/DFE1	100	96	2	0.05	0.05	0.014142135623730947	0.045	0.055
Neu/DFE1	100	97	3	0.11333333333333334	0.03	0.14433756729740646	0.03	0.15500000000000003
Neu/DFE1	100	98	1	0.03	0.03	NA	0.03	0.03
Neu/DFE1	100	99	2	0.075	0.075	0.049497474683058325	0.057499999999999996	0.0925
Neu/DFE1	100	100	2	0.125	0.125	0.10606601717798214	0.08750000000000001	0.16250000000000003
Neu/DFE1	1000	1	1	0.025	0.025	NA	0.025	0.025
Neu/DFE1	1000	2	2	0.10200000000000001	0.10200000000000001	0.08485281374238571	0.07200000000000001	0.132
Neu/DFE1	1000	3	2	0.0405	0.0405	0.012020815280171309	0.036250000000000004	0.044750000000000005
Neu/DFE1	1000	4	1	0.032	0.032	NA	0.032	0.032
Neu/DFE1	1000	5	0	NA	NA	NA	NA	NA
Neu/DFE1	1000	6	2	0.2595	0.2595	0.3273904396893715	0.14375	0.37525
Neu/DFE1	1000	7	1	0.067	0.067	NA	0.067	0.067
Neu/DFE1	1000	8	1	0.057	0.057	NA	0.057	0.057
Neu/DFE1	1000	9	1	0.123	0.123	NA	0.123	0.123
Neu/DFE1	1000	10	1	0.03	0.03	NA	0.03	0.03
Neu/DFE1	1000	11	2	0.1095	0.1095	0.1011162697096763	0.07375	0.14525
Neu/DFE1	1000	12	1	0.194	0.194	NA	0.194	0.194
Neu/DFE1	1000	13	3	0.034	0.033	0.0036055512754639887	0.032	0.035500000000000004
Neu/DFE1	1000	14	2	0.032	0.032	0	0.032	0.032
Neu/DFE1	1000	15	0	NA	NA	NA	NA	NA
Neu/DFE1	1000	16	1	0.036	0.036	NA	0.036	0.036
Neu/DFE1	1000	17	1	0.028	0.028	NA	0.028	0.028
Neu/DFE1	1000	18	0	NA	NA	NA	NA	NA
Neu/DFE1	1000	19	3	0.084	0.074	0.05173006862551026	0.055999999999999994	0.10700000000000001
Neu/DFE1	1000	20	0	NA	NA	NA	NA	NA
Neu/DFE1	1000	21	0	NA	NA	NA	NA	NA
Neu/DFE1	1000	22	3	0.041666666666666664	0.033	0.015885003409925137	0.0325	0.0465
Neu/DFE1	1000	23	1	0.035	0.035	NA	0.035	0.035
Neu/DFE1	1000	24	3	0.039	0.03	0.01646207763315433	0.0295	0.044
Neu/DFE1	1000	25	0	NA	NA	NA	NA	NA
Neu/DFE1	1000	26	1	0.026	0.026	NA	0.026	0.026
Neu/DFE1	1000	27	2	0.028	0.028	0.004242640687119284	0.026500000000000003	0.0295
Neu/DFE1	1000	28	2	0.1065	0.1065	0.006363961030678933	0.10425	0.10875
Neu/DFE1	1000	29	1	0.06	0.06	NA	0.06	0.06
Neu/DFE1	1000	30	1	0.035	0.035	NA	0.035	0.035
Neu/DFE1	1000	31	1	0.051	0.051	NA	0.051	0.051
Neu/DFE1	1000	32	1	0.117	0.117	NA	0.117	0.117
Neu/DFE1	1000	33	2	0.028	0.028	0.0014142135623730963	0.0275	0.0285
Neu/DFE1	1000	34	2	0.031	0.031	0.005656854249492383	0.029	0.033
Neu/DFE1	1000	35	1	0.056	0.056	NA	0.056	0.056
Neu/DFE1	1000	36	2	0.0585	0.0585	0.03606244584051393	0.04575	0.07125000000000001
Neu/DFE1	1000	37	3	0.059333333333333335	0.04	0.04428694314731299	0.034	0.075
Neu/DFE1	1000	38	2	0.0315	0.0315	0.007778174593052022	0.028749999999999998	0.034249999999999996
Neu/DFE1	1000	39	1	0.049	0.049	NA	0.049	0.049
Neu/DFE1	1000	40	1	0.04	0.04	NA	0.04	0.04
Neu/DFE1	1000	41	0	NA	NA	NA	NA	NA
Neu/DFE1	1000	42	2	0.077	0.077	0.021213203435596427	0.0695	0.0845
Neu/DFE1	1000	43	1	0.17	0.17	NA	0.17	0.17
Neu/DFE1	1000	44	1	0.032	0.032	NA	0.032	0.032
Neu/DFE1	1000	45	0	NA	NA	NA	NA	NA
Neu/DFE1	1000	46	0	NA	NA	NA	NA	NA
Neu/DFE1	1000	47	0	NA	NA	NA	NA	NA
Neu/DFE1	1000	48	0	NA	NA	NA	NA	NA
Neu/DFE1	1000	49	0	NA	NA	NA	NA	NA
Neu/DFE1	1000	50	1	0.029	0.029	NA	0.029	0.029
Neu/DFE1	1000	51	1	0.066	0.066	NA	0.066	0.066
Neu/DFE1	1000	52	1	0.03	0.03	NA	0.03	0.03
Neu/DFE1	1000	53	0	NA	NA	NA	NA	NA
Neu/DFE1	1000	54	1	0.034	0.034	NA	0.034	0.034
Neu/DFE1	1000	55	1	0.037	0.037	NA	0.037	0.037
Neu/DFE1	1000	56	0	NA	NA	NA	NA	NA
Neu/DFE1	1000	57	1	0.04	0.04	NA	0.04	0.04
Neu/DFE1	1000	58	1	0.037	0.037	NA	0.037	0.037
Neu/DFE1	1000	59	2	0.033	0.033	0.007071067811865474	0.0305	0.0355
Neu/DFE1	1000	60	4	0.095	0.0895	0.06429618962271404	0.04275	0.14175000000000001
Neu/DFE1	1000	61	0	NA	NA	NA	NA	NA
Neu/DFE1	1000	62	1	0.035	0.035	NA	0.035	0.035
Neu/DFE1	1000	63	0	NA	NA	NA	NA	NA
Neu/DFE1	1000	64	0	NA	NA	NA	NA	NA
Neu/DFE1	1000	65	2	0.1645	0.1645	0.1633416664540925	0.10675000000000001	0.22225000000000003
Neu/DFE1	1000	66	2	0.051000000000000004	0.051000000000000004	0.012727922061357852	0.0465	0.0555
Neu/DFE1	1000	67	1	0.042	0.042	NA	0.042	0.042
Neu/DFE1	1000	68	1	0.055	0.055	NA	0.055	0.055
Neu/DFE1	1000	69	1	0.053	0.053	NA	0.053	0.053
Neu/DFE1	1000	70	0	NA	NA	NA	NA	NA
Neu/DFE1	1000	71	1	0.029	0.029	NA	0.029	0.029
Neu/DFE1	1000	72	0	NA	NA	NA	NA	NA
Neu/DFE1	1000	73	2	0.0625	0.0625	0.017677669529663684	0.05625000000000001	0.06874999999999999
Neu/DFE1	1000	74	1	0.081	0.081	NA	0.081	0.081
Neu/DFE1	1000	75	1	0.031	0.031	NA	0.031	0.031
Neu/DFE1	1000	76	0	NA	NA	NA	NA	NA
Neu/DFE1	1000	77	2	0.07250000000000001	0.07250000000000001	0.06293250352560273	0.05025	0.09475000000000001
Neu/DFE1	1000	78	1	0.207	0.207	NA	0.207	0.207
Neu/DFE1	1000	79	2	0.1675	0.1675	0.1350573952066306	0.11975	0.21525
Neu/DFE1	1000	80	1	0.077	0.077	NA	0.077	0.077
Neu/DFE1	1000	81	0	NA	NA	NA	NA	NA
Neu/DFE1	1000	82	4	0.2495	0.218	0.1254046782753073	0.1845	0.283
Neu/DFE1	1000	83	1	0.098	0.098	NA	0.098	0.098
Neu/DFE1	1000	84	3	0.03166666666666667	0.032	0.0035118845842842476	0.03	0.0335
Neu/DFE1	1000	85	1	0.166	0.166	NA	0.166	0.166
Neu/DFE1	1000	86	0	NA	NA	NA	NA	NA
Neu/DFE1	1000	87	1	0.026	0.026	NA	0.026	0.026
Neu/DFE1	1000	88	3	0.06566666666666666	0.037	0.060343461396686005	0.031	0.08600000000000001
Neu/DFE1	1000	89	1	0.068	0.068	NA	0.068	0.068
Neu/DFE1	1000	90	2	0.07200000000000001	0.07200000000000001	0.007071067811865472	0.0695	0.0745
Neu/DFE1	1000	91	2	0.0635	0.0635	0.02333452377915607	0.05525000000000001	0.07175
Neu/DFE1	1000	92	2	0.115	0.115	0.1173797256769669	0.07350000000000001	0.15650000000000003
Neu/DFE1	1000	93	1	0.064	0.064	NA	0.064	0.064
Neu/DFE1	1000	94	2	0.028999999999999998	0.028999999999999998	0.004242640687119287	0.0275	0.0305
Neu/DFE1	1000	95	1	0.028	0.028	NA	0.028	0.028
Neu/DFE1	1000	96	3	0.04133333333333333	0.046	0.009865765724632495	0.038	0.047
Neu/DFE1	1000	97	2	0.1345	0.1345	0.14778531726798844	0.08224999999999999	0.18675
Neu/DFE1	1000	98	0	NA	NA	NA	NA	NA
Neu/DFE1	1000	99	1	0.152	0.152	NA	0.152	0.152
Neu/DFE1	1000	100	2	0.1435	0.1435	0.14354267658086914	0.09275	0.19425
Neu/DFE2	100	1	1	0.03	0.03	NA	0.03	0.03
Neu/DFE2	100	2	0	NA	NA	NA	NA	NA
Neu/DFE2	100	3	2	0.03	0.03	0	0.03	0.03
Neu/DFE2	100	4	3	0.043333333333333335	0.04	0.015275252316519466	0.035	0.05
Neu/DFE2	100	5	0	NA	NA	NA	NA	NA
Neu/DFE2	100	6	2	0.05	0.05	0.014142135623730947	0.045	0.055
Neu/DFE2	100	7	3	0.043333333333333335	0.04	0.005773502691896259	0.04	0.045
Neu/DFE2	100	8	1	0.05	0.05	NA	0.05	0.05
Neu/DFE2	100	9	1	0.03	0.03	NA	0.03	0.03
Neu/DFE2	100	10	0	NA	NA	NA	NA	NA
Neu/DFE2	100	11	1	0.03	0.03	NA	0.03	0.03
Neu/DFE2	100	12	1	0.04	0.04	NA	0.04	0.04
Neu/DFE2	100	13	1	0.03	0.03	NA	0.03	0.03
Neu/DFE2	100	14	1	0.03	0.03	NA	0.03	0.03
Neu/DFE2	100	15	0	NA	NA	NA	NA	NA
Neu/DFE2	100	16	3	0.08666666666666667	0.07	0.06658328118479392	0.05	0.115
Neu/DFE2	100	17	1	0.06	0.06	NA	0.06	0.06
Neu/DFE2	100	18	0	NA	NA	NA	NA	NA
Neu/DFE2	100	19	0	NA	NA	NA	NA	NA
Neu/DFE2	100	20	3	0.06666666666666667	0.06	0.0404145188432738	0.045	0.08499999999999999
Neu/DFE2	100	21	4	0.21250000000000002	0.2	0.2117191535974013	0.03	0.38249999999999995
Neu/DFE2	100	22	1	0.22	0.22	NA	0.22	0.22
Neu/DFE2	100	23	0	NA	NA	NA	NA	NA
Neu/DFE2	100	24	1	0.3	0.3	NA	0.3	0.3
Neu/DFE2	100	25	0	NA	NA	NA	NA	NA
Neu/DFE2	100	26	0	NA	NA	NA	NA	NA
Neu/DFE2	100	27	0	NA	NA	NA	NA	NA
Neu/DFE2	100	28	1	0.03	0.03	NA	0.03	0.03
Neu/DFE2	100	29	0	NA	NA	NA	NA	NA
Neu/DFE2	100	30	2	0.035	0.035	0.007071067811865477	0.0325	0.0375
Neu/DFE2	100	31	1	0.03	0.03	NA	0.03	0.03
Neu/DFE2	100	32	0	NA	NA	NA	NA	NA
Neu/DFE2	100	33	1	0.07	0.07	NA	0.07	0.07
Neu/DFE2	100	34	1	0.03	0.03	NA	0.03	0.03
Neu/DFE2	100	35	1	0.03	0.03	NA	0.03	0.03
Neu/DFE2	100	36	3	0.05333333333333334	0.03	0.04041451884327381	0.03	0.065
Neu/DFE2	100	37	1	0.16	0.16	NA	0.16	0.16
Neu/DFE2	100	38	0	NA	NA	NA	NA	NA
Neu/DFE2	100	39	0	NA	NA	NA	NA	NA
Neu/DFE2	100	40	0	NA	NA	NA	NA	NA
Neu/DFE2	100	41	0	NA	NA	NA	NA	NA
Neu/DFE2	100	42	1	0.05	0.05	NA	0.05	0.05
Neu/DFE2	100	43	3	0.04666666666666667	0.03	0.02886751345948129	0.03	0.055
Neu/DFE2	100	44	2	0.03	0.03	0	0.03	0.03
Neu/DFE2	100	45	1	0.04	0.04	NA	0.04	0.04
Neu/DFE2	100	46	3	0.03	0.03	0	0.03	0.03
Neu/DFE2	100	47	1	0.42	0.42	NA	0.42	0.42
Neu/DFE2	100	48	2	0.045	0.045	0.021213203435596427	0.0375	0.0525
Neu/DFE2	100	49	1	0.03	0.03	NA	0.03	0.03
Neu/DFE2	100	50	2	0.035	0.035	0.007071067811865477	0.0325	0.0375
Neu/DFE2	100	51	0	NA	NA	NA	NA	NA
Neu/DFE2	100	52	3	0.04	0.03	0.017320508075688773	0.03	0.045
Neu/DFE2	100	53	1	0.03	0.03	NA	0.03	0.03
Neu/DFE2	100	54	0	NA	NA	NA	NA	NA
Neu/DFE2	100	55	0	NA	NA	NA	NA	NA
Neu/DFE2	100	56	4	0.0575	0.060000000000000005	0.015000000000000003	0.04750000000000001	0.07
Neu/DFE2	100	57	0	NA	NA	NA	NA	NA
Neu/DFE2	100	58	1	0.03	0.03	NA	0.03	0.03
Neu/DFE2	100	59	1	0.12	0.12	NA	0.12	0.12
Neu/DFE2	100	60	1	0.33	0.33	NA	0.33	0.33
Neu/DFE2	100	61	1	0.18	0.18	NA	0.18	0.18
Neu/DFE2	100	62	1	0.04	0.04	NA	0.04	0.04
Neu/DFE2	100	63	1	0.03	0.03	NA	0.03	0.03
Neu/DFE2	100	64	0	NA	NA	NA	NA	NA
Neu/DFE2	100	65	0	NA	NA	NA	NA	NA
Neu/DFE2	100	66	3	0.07666666666666666	0.06	0.03785938897200182	0.055	0.09
Neu/DFE2	100	67	3	0.05	0.05	0.020000000000000004	0.04	0.060000000000000005
Neu/DFE2	100	68	2	0.04	0.04	0.014142135623730954	0.035	0.045000000000000005
Neu/DFE2	100	69	1	0.03	0.03	NA	0.03	0.03
Neu/DFE2	100	70	0	NA	NA	NA	NA	NA
Neu/DFE2	100	71	0	NA	NA	NA	NA	NA
Neu/DFE2	100	72	2	0.04	0.04	0.014142135623730954	0.035	0.045000000000000005
Neu/DFE2	100	73	2	0.035	0.035	0.007071067811865477	0.0325	0.0375
Neu/DFE2	100	74	1	0.03	0.03	NA	0.03	0.03
Neu/DFE2	100	75	0	NA	NA	NA	NA	NA
Neu/DFE2	100	76	1	0.05	0.05	NA	0.05	0.05
Neu/DFE2	100	77	2	0.035	0.035	0.007071067811865477	0.0325	0.0375
Neu/DFE2	100	78	1	0.07	0.07	NA	0.07	0.07
Neu/DFE2	100	79	1	0.06	0.06	NA	0.06	0.06
Neu/DFE2	100	80	1	0.06	0.06	NA	0.06	0.06
Neu/DFE2	100	81	3	0.05666666666666667	0.06	0.01527525231651947	0.05	0.065
Neu/DFE2	100	82	2	0.21000000000000002	0.21000000000000002	0.25455844122715715	0.12	0.3
Neu/DFE2	100	83	2	0.03	0.03	0	0.03	0.03
Neu/DFE2	100	84	1	0.05	0.05	NA	0.05	0.05
Neu/DFE2	100	85	0	NA	NA	NA	NA	NA
Neu/DFE2	100	86	1	0.12	0.12	NA	0.12	0.12
Neu/DFE2	100	87	2	0.03	0.03	0	0.03	0.03
Neu/DFE2	100	88	3	0.03333333333333333	0.03	0.005773502691896259	0.03	0.035
Neu/DFE2	100	89	0	NA	NA	NA	NA	NA
Neu/DFE2	100	90	2	0.245	0.245	0.1626345596729059	0.1875	0.3025
Neu/DFE2	100	91	0	NA	NA	NA	NA	NA
Neu/DFE2	100	92	0	NA	NA	NA	NA	NA
Neu/DFE2	100	93	1	0.03	0.03	NA	0.03	0.03
Neu/DFE2	100	94	1	0.03	0.03	NA	0.03	0.03
Neu/DFE2	100	95	0	NA	NA	NA	NA	NA
Neu/DFE2	100	96	2	0.09	0.09	0.08485281374238571	0.06	0.12
Neu/DFE2	100	97	0	NA	NA	NA	NA	NA
Neu/DFE2	100	98	2	0.04	0.04	0.014142135623730954	0.035	0.045000000000000005
Neu/DFE2	100	99	0	NA	NA	NA	NA	NA
Neu/DFE2	100	100	1	0.12	0.12	NA	0.12	0.12
Neu/DFE2	1000	1	0	NA	NA	NA	NA	NA
Neu/DFE2	1000	2	0	NA	NA	NA	NA	NA
Neu/DFE2	1000	3	1	0.025	0.025	NA	0.025	0.025
Neu/DFE2	1000	4	2	0.0465	0.0465	0.017677669529663684	0.04025	0.05275
Neu/DFE2	1000	5	0	NA	NA	NA	NA	NA
Neu/DFE2	1000	6	1	0.092	0.092	NA	0.092	0.092
Neu/DFE2	1000	7	2	0.037500000000000006	0.037500000000000006	0.006363961030678929	0.035250000000000004	0.03975
Neu/DFE2	1000	8	0	NA	NA	NA	NA	NA
Neu/DFE2	1000	9	0	NA	NA	NA	NA	NA
Neu/DFE2	1000	10	0	NA	NA	NA	NA	NA
Neu/DFE2	1000	11	0	NA	NA	NA	NA	NA
Neu/DFE2	1000	12	0	NA	NA	NA	NA	NA
Neu/DFE2	1000	13	0	NA	NA	NA	NA	NA
Neu/DFE2	1000	14	0	NA	NA	NA	NA	NA
Neu/DFE2	1000	15	0	NA	NA	NA	NA	NA
Neu/DFE2	1000	16	2	0.0755	0.0755	0.06151828996322963	0.05375	0.09725
Neu/DFE2	1000	17	1	0.083	0.083	NA	0.083	0.083
Neu/DFE2	1000	18	0	NA	NA	NA	NA	NA
Neu/DFE2	1000	19	1	0.059	0.059	NA	0.059	0.059
Neu/DFE2	1000	20	2	0.049	0.049	0.008485281374238573	0.046	0.052000000000000005
Neu/DFE2	1000	21	3	0.278	0.396	0.2052486297152797	0.2185	0.3965
Neu/DFE2	1000	22	1	0.269	0.269	NA	0.269	0.269
Neu/DFE2	1000	23	1	0.033	0.033	NA	0.033	0.033
Neu/DFE2	1000	24	1	0.296	0.296	NA	0.296	0.296
Neu/DFE2	1000	25	1	0.035	0.035	NA	0.035	0.035
Neu/DFE2	1000	26	1	0.025	0.025	NA	0.025	0.025
Neu/DFE2	1000	27	1	0.027	0.027	NA	0.027	0.027
Neu/DFE2	1000	28	0	NA	NA	NA	NA	NA
Neu/DFE2	1000	29	0	NA	NA	NA	NA	NA
Neu/DFE2	1000	30	0	NA	NA	NA	NA	NA
Neu/DFE2	1000	31	1	0.025	0.025	NA	0.025	0.025
Neu/DFE2	1000	32	0	NA	NA	NA	NA	NA
Neu/DFE2	1000	33	1	0.116	0.116	NA	0.116	0.116
Neu/DFE2	1000	34	0	NA	NA	NA	NA	NA
Neu/DFE2	1000	35	0	NA	NA	NA	NA	NA
Neu/DFE2	1000	36	2	0.09	0.09	0.012727922061357857	0.08549999999999999	0.09450000000000001
Neu/DFE2	1000	37	2	0.0885	0.0885	0.08697413408594534	0.057749999999999996	0.11925
Neu/DFE2	1000	38	0	NA	NA	NA	NA	NA
Neu/DFE2	1000	39	0	NA	NA	NA	NA	NA
Neu/DFE2	1000	40	0	NA	NA	NA	NA	NA
Neu/DFE2	1000	41	0	NA	NA	NA	NA	NA
Neu/DFE2	1000	42	1	0.094	0.094	NA	0.094	0.094
Neu/DFE2	1000	43	2	0.0585	0.0585	0.03464823227814083	0.04625	0.07075000000000001
Neu/DFE2	1000	44	1	0.029	0.029	NA	0.029	0.029
Neu/DFE2	1000	45	0	NA	NA	NA	NA	NA
Neu/DFE2	1000	46	0	NA	NA	NA	NA	NA
Neu/DFE2	1000	47	1	0.427	0.427	NA	0.427	0.427
Neu/DFE2	1000	48	2	0.0445	0.0445	0.0021213203435596446	0.04375	0.04525
Neu/DFE2	1000	49	0	NA	NA	NA	NA	NA
Neu/DFE2	1000	50	0	NA	NA	NA	NA	NA
Neu/DFE2	1000	51	0	NA	NA	NA	NA	NA
Neu/DFE2	1000	52	1	0.026	0.026	NA	0.026	0.026
Neu/DFE2	1000	53	0	NA	NA	NA	NA	NA
Neu/DFE2	1000	54	0	NA	NA	NA	NA	NA
Neu/DFE2	1000	55	0	NA	NA	NA	NA	NA
Neu/DFE2	1000	56	2	0.0675	0.0675	0.009192388155425116	0.06425	0.07075
Neu/DFE2	1000	57	0	NA	NA	NA	NA	NA
Neu/DFE2	1000	58	0	NA	NA	NA	NA	NA
Neu/DFE2	1000	59	1	0.102	0.102	NA	0.102	0.102
Neu/DFE2	1000	60	1	0.306	0.306	NA	0.306	0.306
Neu/DFE2	1000	61	1	0.234	0.234	NA	0.234	0.234
Neu/DFE2	1000	62	2	0.026	0.026	0	0.026	0.026
Neu/DFE2	1000	63	0	NA	NA	NA	NA	NA
Neu/DFE2	1000	64	0	NA	NA	NA	NA	NA
Neu/DFE2	1000	65	0	NA	NA	NA	NA	NA
Neu/DFE2	1000	66	3	0.06033333333333333	0.038	0.03955165398985652	0.0375	0.072
Neu/DFE2	1000	67	2	0.0615	0.0615	0.027577164466275353	0.051750000000000004	0.07125
Neu/DFE2	1000	68	1	0.077	0.077	NA	0.077	0.077
Neu/DFE2	1000	69	0	NA	NA	NA	NA	NA
Neu/DFE2	1000	70	0	NA	NA	NA	NA	NA
Neu/DFE2	1000	71	0	NA	NA	NA	NA	NA
Neu/DFE2	1000	72	1	0.043	0.043	NA	0.043	0.043
Neu/DFE2	1000	73	0	NA	NA	NA	NA	NA
Neu/DFE2	1000	74	0	NA	NA	NA	NA	NA
Neu/DFE2	1000	75	0	NA	NA	NA	NA	NA
Neu/DFE2	1000	76	1	0.03	0.03	NA	0.03	0.03
Neu/DFE2	1000	77	0	NA	NA	NA	NA	NA
Neu/DFE2	1000	78	1	0.071	0.071	NA	0.071	0.071
Neu/DFE2	1000	79	2	0.0345	0.0345	0.006363961030678929	0.03225	0.03675
Neu/DFE2	1000	80	2	0.0395	0.0395	0.0021213203435596446	0.03875	0.04025
Neu/DFE2	1000	81	2	0.07050000000000001	0.07050000000000001	7.071067811865384e-4	0.07025	0.07075
Neu/DFE2	1000	82	1	0.399	0.399	NA	0.399	0.399
Neu/DFE2	1000	83	2	0.032	0.032	0.009899494936611665	0.028500000000000004	0.0355
Neu/DFE2	1000	84	1	0.033	0.033	NA	0.033	0.033
Neu/DFE2	1000	85	0	NA	NA	NA	NA	NA
Neu/DFE2	1000	86	2	0.056499999999999995	0.056499999999999995	0.027577164466275353	0.04675	0.06624999999999999
Neu/DFE2	1000	87	0	NA	NA	NA	NA	NA
Neu/DFE2	1000	88	2	0.055	0.055	0.0014142135623730963	0.0545	0.0555
Neu/DFE2	1000	89	0	NA	NA	NA	NA	NA
Neu/DFE2	1000	90	2	0.1895	0.1895	0.14919953083036153	0.13674999999999998	0.24225
Neu/DFE2	1000	91	0	NA	NA	NA	NA	NA
Neu/DFE2	1000	92	0	NA	NA	NA	NA	NA
Neu/DFE2	1000	93	1	0.025	0.025	NA	0.025	0.025
Neu/DFE2	1000	94	0	NA	NA	NA	NA	NA
Neu/DFE2	1000	95	0	NA	NA	NA	NA	NA
Neu/DFE2	1000	96	1	0.194	0.194	NA	0.194	0.194
Neu/DFE2	1000	97	0	NA	NA	NA	NA	NA
Neu/DFE2	1000	98	1	0.031	0.031	NA	0.031	0.031
Neu/DFE2	1000	99	0	NA	NA	NA	NA	NA
Neu/DFE2	1000	100	1	0.107	0.107	NA	0.107	0.107
Sel/DFE1	100	1	13	0.09230769230769231	0.06	0.098755071275171	0.03	0.09
Sel/DFE1	100	2	7	0.06857142857142856	0.05	0.06094494002200439	0.03	0.07
Sel/DFE1	100	3	11	0.08727272727272727	0.07	0.06798395532637228	0.035	0.1
Sel/DFE1	100	4	9	0.04111111111111111	0.04	0.011666666666666667	0.03	0.05
Sel/DFE1	100	5	4	0.1475	0.035	0.22838198994958717	0.03	0.1525
Sel/DFE1	100	6	6	0.14	0.07	0.1761817243643619	0.042499999999999996	0.1275
Sel/DFE1	100	7	6	0.05666666666666667	0.04	0.03723797345005051	0.04	0.055
Sel/DFE1	100	8	8	0.1225	0.07	0.15563235065830167	0.03	0.13
Sel/DFE1	100	9	11	0.07363636363636364	0.05	0.09912343085998661	0.03	0.06
Sel/DFE1	100	10	13	0.07461538461538461	0.04	0.10227539494060343	0.03	0.06
Sel/DFE1	100	11	6	0.11666666666666667	0.085	0.10112698288126006	0.03	0.2075
Sel/DFE1	100	12	14	0.15571428571428572	0.07	0.14221945586442675	0.04	0.315
Sel/DFE1	100	13	10	0.097	0.075	0.06992853494818836	0.052500000000000005	0.1275
Sel/DFE1	100	14	7	0.11714285714285715	0.11	0.09411239481143202	0.045	0.14500000000000002
Sel/DFE1	100	15	13	0.06615384615384616	0.05	0.045007121943543844	0.04	0.07
Sel/DFE1	100	16	10	0.102	0.055	0.10962562555250382	0.0325	0.12
Sel/DFE1	100	17	10	0.099	0.06	0.11967084486670558	0.042499999999999996	0.08749999999999998
Sel/DFE1	100	18	10	0.09799999999999999	0.05	0.12821856339859683	0.0325	0.0675
Sel/DFE1	100	19	11	0.13090909090909092	0.03	0.15036319665759607	0.03	0.19
Sel/DFE1	100	20	8	0.14625	0.10500000000000001	0.12477837495793434	0.07	0.16749999999999998
Sel/DFE1	100	21	9	0.06	0.05	0.05024937810560445	0.03	0.06
Sel/DFE1	100	22	16	0.06375	0.055	0.045880278987817845	0.0375	0.065
Sel/DFE1	100	23	11	0.11	0.05	0.10119288512538814	0.03	0.21000000000000002
Sel/DFE1	100	24	10	0.052000000000000005	0.04	0.033928028399998596	0.03	0.05750000000000001
Sel/DFE1	100	25	13	0.06538461538461539	0.04	0.0820178217031096	0.03	0.04
Sel/DFE1	100	26	18	0.08888888888888889	0.06	0.07895560099261215	0.05	0.0775
Sel/DFE1	100	27	6	0.06333333333333334	0.045	0.0496655480858378	0.0325	0.065
Sel/DFE1	100	28	14	0.10142857142857142	0.045	0.09804686029234598	0.03	0.15
Sel/DFE1	100	29	10	0.081	0.05	0.10332795684937676	0.03	0.07
Sel/DFE1	100	30	12	0.0825	0.04	0.08791783354101404	0.04	0.065
Sel/DFE1	100	31	10	0.1	0.04	0.14445299120013633	0.03	0.0675
Sel/DFE1	100	32	11	0.10181818181818182	0.07	0.08704230946133976	0.035	0.135
Sel/DFE1	100	33	13	0.06923076923076923	0.05	0.04627121827903002	0.04	0.09
Sel/DFE1	100	34	12	0.0825	0.03	0.1180234953496356	0.03	0.045
Sel/DFE1	100	35	13	0.06923076923076923	0.04	0.08015209900157932	0.03	0.06
Sel/DFE1	100	36	7	0.10428571428571429	0.03	0.17154757774032087	0.03	0.06
Sel/DFE1	100	37	8	0.10125	0.065	0.11419751060584214	0.0375	0.08750000000000001
Sel/DFE1	100	38	13	0.04384615384615385	0.03	0.01980675875320574	0.03	0.06
Sel/DFE1	100	39	9	0.058888888888888886	0.05	0.036552853665768846	0.04	0.06
Sel/DFE1	100	40	7	0.13	0.06	0.12013880860626734	0.035	0.21000000000000002
Sel/DFE1	100	41	8	0.05	0.05	0.013093073414159544	0.04	0.06
Sel/DFE1	100	42	4	0.0975	0.060000000000000005	0.08920949127381755	0.04750000000000001	0.11
Sel/DFE1	100	43	12	0.05	0.045	0.01954016841836789	0.04	0.052500000000000005
Sel/DFE1	100	44	6	0.09	0.045	0.11815244390193543	0.0325	0.057499999999999996
Sel/DFE1	100	45	9	0.11888888888888889	0.08	0.10705657901834484	0.05	0.15
Sel/DFE1	100	46	13	0.12461538461538461	0.05	0.13426437754267911	0.03	0.27
Sel/DFE1	100	47	13	0.10461538461538461	0.05	0.13457435272092677	0.04	0.09
Sel/DFE1	100	48	11	0.12727272727272726	0.07	0.1638347282532558	0.03	0.09
Sel/DFE1	100	49	11	0.08545454545454545	0.04	0.11792910042594544	0.035	0.05
Sel/DFE1	100	50	14	0.05928571428571429	0.04	0.06044250742066136	0.03	0.057499999999999996
Sel/DFE1	100	51	14	0.08928571428571429	0.07500000000000001	0.06764889966860975	0.04	0.125
Sel/DFE1	100	52	13	0.10307692307692308	0.05	0.10672274167085284	0.04	0.11
Sel/DFE1	100	53	14	0.08642857142857144	0.065	0.075203021917304	0.04	0.08750000000000001
Sel/DFE1	100	54	8	0.0925	0.04	0.08664376986917673	0.0375	0.135
Sel/DFE1	100	55	11	0.06545454545454546	0.03	0.08583281847447821	0.03	0.05
Sel/DFE1	100	56	15	0.11	0.03	0.14157279803287473	0.03	0.11
Sel/DFE1	100	57	5	0.046	0.04	0.020736441353327723	0.03	0.05
Sel/DFE1	100	58	9	0.1311111111111111	0.09999999999999998	0.10493384159131462	0.07	0.19
Sel/DFE1	100	59	13	0.1176923076923077	0.1	0.09001424388708769	0.04	0.15
Sel/DFE1	100	60	9	0.08666666666666667	0.07	0.08631338250816036	0.04	0.08
Sel/DFE1	100	61	11	0.10181818181818182	0.04	0.1475681660669524	0.03	0.045
Sel/DFE1	100	62	10	0.206	0.235	0.16269945024833707	0.03	0.34249999999999997
Sel/DFE1	100	63	10	0.086	0.06	0.1001332445627658	0.03	0.0825
Sel/DFE1	100	64	12	0.065	0.03	0.06735253251633258	0.03	0.05500000000000001
Sel/DFE1	100	65	9	0.04666666666666667	0.04	0.020615528128088305	0.03	0.05
Sel/DFE1	100	66	13	0.09307692307692307	0.04	0.11520884047275592	0.03	0.11
Sel/DFE1	100	67	7	0.05428571428571429	0.05	0.026992062325273125	0.03	0.07
Sel/DFE1	100	68	17	0.12941176470588237	0.08	0.11382390940809042	0.03	0.18
Sel/DFE1	100	69	11	0.10181818181818182	0.04	0.14952044554629856	0.03	0.05
Sel/DFE1	100	70	10	0.07100000000000001	0.05	0.04748099034818508	0.0325	0.09
Sel/DFE1	100	71	11	0.12090909090909091	0.05	0.13663488174361227	0.045	0.14
Sel/DFE1	100	72	12	0.059166666666666666	0.05	0.03987670391533778	0.03	0.05750000000000001
Sel/DFE1	100	73	8	0.07250000000000001	0.07	0.036547425158474374	0.04500000000000003	0.095
Sel/DFE1	100	74	11	0.08727272727272728	0.05	0.08707363654871768	0.03	0.08499999999999999
Sel/DFE1	100	75	7	0.04428571428571428	0.03	0.029358214555806388	0.03	0.04
Sel/DFE1	100	76	3	0.043333333333333335	0.03	0.023094010767585035	0.03	0.05
Sel/DFE1	100	77	14	0.05928571428571429	0.03	0.07498351467174283	0.03	0.04
Sel/DFE1	100	78	6	0.058333333333333334	0.03	0.06013872850889572	0.03	0.045000000000000005
Sel/DFE1	100	79	14	0.13357142857142856	0.065	0.13770688731209785	0.0325	0.1875
Sel/DFE1	100	80	4	0.105	0.07	0.09983319421247959	0.045000000000000005	0.13
Sel/DFE1	100	81	5	0.11599999999999999	0.03	0.14310835055998652	0.03	0.13
Sel/DFE1	100	82	7	0.1742857142857143	0.06	0.21616792414364214	0.04	0.28
Sel/DFE1	100	83	13	0.11615384615384616	0.08	0.09358939234215788	0.04	0.18
Sel/DFE1	100	84	6	0.11166666666666666	0.045	0.11565754046609615	0.03	0.2025
Sel/DFE1	100	85	12	0.09333333333333334	0.05	0.1076470101204803	0.03	0.09250000000000001
Sel/DFE1	100	86	4	0.1325	0.08	0.14056433876817168	0.060000000000000005	0.1525
Sel/DFE1	100	87	12	0.1125	0.05	0.14007303289875087	0.03	0.0925
Sel/DFE1	100	88	10	0.063	0.04	0.0480855718716355	0.03	0.0675
Sel/DFE1	100	89	5	0.154	0.06	0.1879627622695517	0.05	0.15
Sel/DFE1	100	90	6	0.205	0.175	0.1836028322221637	0.045	0.35
Sel/DFE1	100	91	4	0.057499999999999996	0.055	0.032015621187164243	0.03	0.08249999999999999
Sel/DFE1	100	92	11	0.08090909090909092	0.05	0.09449386704485592	0.035	0.06
Sel/DFE1	100	93	12	0.06999999999999999	0.03	0.08399134154509888	0.03	0.052500000000000005
Sel/DFE1	100	94	14	0.09785714285714286	0.035	0.12090546665941895	0.03	0.105
Sel/DFE1	100	95	12	0.08666666666666667	0.065	0.08337574678235361	0.0375	0.0975
Sel/DFE1	100	96	9	0.10777777777777778	0.03	0.15634719199411432	0.03	0.03
Sel/DFE1	100	97	10	0.097	0.04	0.1404793381406833	0.04	0.08
Sel/DFE1	100	98	6	0.15166666666666667	0.095	0.16363577440971355	0.042499999999999996	0.17750000000000002
Sel/DFE1	100	99	5	0.066	0.03	0.07503332592921629	0.03	0.04
Sel/DFE1	100	100	16	0.0775	0.04	0.09989994994993742	0.03	0.06
Sel/DFE1	1000	1	6	0.14	0.08549999999999999	0.14665333272721764	0.06725	0.11424999999999999
Sel/DFE1	1000	2	3	0.11599999999999999	0.111	0.09260129588726065	0.0685	0.16099999999999998
Sel/DFE1	1000	3	8	0.083375	0.0555	0.06757205149214536	0.04875	0.07999999999999999
Sel/DFE1	1000	4	8	0.048875	0.0385	0.022254614288790924	0.0335	0.07150000000000001
Sel/DFE1	1000	5	6	0.11699999999999999	0.043	0.18359520690911296	0.035	0.058499999999999996
Sel/DFE1	1000	6	5	0.1522	0.115	0.15875043307027545	0.034	0.16
Sel/DFE1	1000	7	5	0.0698	0.052	0.0499769947075652	0.041	0.071
Sel/DFE1	1000	8	6	0.15183333333333332	0.10200000000000001	0.1702638149069457	0.0615	0.1305
Sel/DFE1	1000	9	10	0.0809	0.0465	0.10884897794651083	0.0345	0.065
Sel/DFE1	1000	10	12	0.08349999999999999	0.054	0.11670592413100855	0.0345	0.063
Sel/DFE1	1000	11	6	0.10333333333333333	0.0525	0.10226957840270325	0.02625	0.17624999999999996
Sel/DFE1	1000	12	10	0.1752	0.1635	0.13984419902162548	0.036000000000000004	0.31025
Sel/DFE1	1000	13	9	0.07955555555555556	0.065	0.0630795353326083	0.037	0.087
Sel/DFE1	1000	14	7	0.12957142857142856	0.115	0.11482574790068811	0.051000000000000004	0.147
Sel/DFE1	1000	15	11	0.06436363636363636	0.072	0.03185050306438731	0.033	0.08499999999999999
Sel/DFE1	1000	16	11	0.09772727272727273	0.049	0.10725398911843877	0.035	0.115
Sel/DFE1	1000	17	8	0.11925	0.0765	0.14239356927694652	0.04025	0.11800000000000001
Sel/DFE1	1000	18	8	0.1095	0.0555	0.1443448252325956	0.04025	0.08700000000000001
Sel/DFE1	1000	19	7	0.17585714285714285	0.10299999999999998	0.15926542685239692	0.051500000000000004	0.2985
Sel/DFE1	1000	20	9	0.132	0.098	0.1243342269851709	0.04	0.135
Sel/DFE1	1000	21	8	0.05575	0.039	0.03446633968712911	0.0285	0.08449999999999999
Sel/DFE1	1000	22	15	0.06406666666666666	0.049	0.04941438001615474	0.038	0.0675
Sel/DFE1	1000	23	9	0.12488888888888888	0.125	0.08122260221829335	0.048	0.192
Sel/DFE1	1000	24	7	0.05285714285714286	0.032	0.04168704263688566	0.030500000000000013	0.0545
Sel/DFE1	1000	25	7	0.08842857142857143	0.064	0.1045097398058464	0.0335	0.07100000000000001
Sel/DFE1	1000	26	16	0.09568750000000001	0.0645	0.08455902770648836	0.037	0.12125000000000001
Sel/DFE1	1000	27	6	0.057833333333333334	0.044	0.04025129397505957	0.0395	0.05525000000000001
Sel/DFE1	1000	28	9	0.13444444444444445	0.12	0.10911245473261875	0.044	0.14900000000000002
Sel/DFE1	1000	29	11	0.07045454545454545	0.039	0.09420760440257848	0.032	0.0595
Sel/DFE1	1000	30	7	0.11671428571428571	0.055	0.11837611567332644	0.044	0.1625
Sel/DFE1	1000	31	10	0.0917	0.0405	0.13867391807962864	0.029500000000000002	0.06849999999999999
Sel/DFE1	1000	32	11	0.11118181818181817	0.073	0.08876803273906456	0.047	0.1565
Sel/DFE1	1000	33	11	0.06927272727272728	0.052	0.04422237196056066	0.035	0.097
Sel/DFE1	1000	34	7	0.11742857142857142	0.043	0.13040048203241317	0.0395	0.157
Sel/DFE1	1000	35	9	0.07122222222222223	0.037	0.08280214033733939	0.028	0.044
Sel/DFE1	1000	36	5	0.122	0.037	0.1809627033396661	0.03	0.073
Sel/DFE1	1000	37	10	0.103	0.055	0.1310530003047961	0.035250000000000004	0.10625
Sel/DFE1	1000	38	5	0.051	0.047	0.012144957801491116	0.044	0.053
Sel/DFE1	1000	39	6	0.06616666666666667	0.06	0.03553261412655515	0.051000000000000004	0.066
Sel/DFE1	1000	40	6	0.1475	0.129	0.12696889382837043	0.03675	0.24075
Sel/DFE1	1000	41	8	0.049125	0.0475	0.014788388302023602	0.0395	0.05675
Sel/DFE1	1000	42	5	0.0882	0.053	0.10421468226694357	0.031	0.058
Sel/DFE1	1000	43	5	0.0548	0.054	0.01930543964793343	0.041	0.064
Sel/DFE1	1000	44	4	0.10474999999999998	0.035500000000000004	0.14085778880369612	0.03275	0.10749999999999998
Sel/DFE1	1000	45	9	0.11833333333333333	0.069	0.13505276746516523	0.042	0.13
Sel/DFE1	1000	46	8	0.182	0.17300000000000001	0.14670475695861301	0.04650000000000001	0.29125
Sel/DFE1	1000	47	10	0.10980000000000001	0.051500000000000004	0.11992849721581791	0.040999999999999995	0.10500000000000001
Sel/DFE1	1000	48	9	0.13755555555555557	0.055	0.1597334585419654	0.043	0.143
Sel/DFE1	1000	49	11	0.09536363636363636	0.057	0.12156255404298869	0.034	0.069
Sel/DFE1	1000	50	4	0.0925	0.0615	0.0884024886527523	0.03125	0.12275
Sel/DFE1	1000	51	9	0.11855555555555557	0.093	0.09053467721142977	0.052	0.141
Sel/DFE1	1000	52	11	0.11945454545454545	0.068	0.10700688168184665	0.0505	0.169
Sel/DFE1	1000	53	11	0.11781818181818182	0.096	0.09145142774371343	0.059	0.139
Sel/DFE1	1000	54	5	0.1292	0.091	0.10832912812351073	0.045	0.212
Sel/DFE1	1000	55	4	0.1235	0.0685	0.13488884312647953	0.05325	0.13874999999999998
Sel/DFE1	1000	56	9	0.15433333333333332	0.082	0.1467898157230262	0.035	0.292
Sel/DFE1	1000	57	3	0.04633333333333333	0.047	0.0140118997046558	0.0395	0.0535
Sel/DFE1	1000	58	9	0.14944444444444446	0.129	0.13423217862263048	0.076	0.161
Sel/DFE1	1000	59	11	0.133	0.103	0.09279547402756236	0.091	0.1575
Sel/DFE1	1000	60	8	0.099	0.0635	0.11854474742837467	0.045500000000000006	0.07975
Sel/DFE1	1000	61	9	0.1322222222222222	0.054	0.17217053883996658	0.043	0.062
Sel/DFE1	1000	62	8	0.2565	0.281	0.17673790118219043	0.1095	0.397
Sel/DFE1	1000	63	11	0.09045454545454545	0.044	0.10541666247454777	0.0345	0.0805
Sel/DFE1	1000	64	6	0.08033333333333334	0.063	0.05695846439877631	0.04	0.10250000000000001
Sel/DFE1	1000	65	5	0.049999999999999996	0.049	0.025416530054277665	0.027	0.059
Sel/DFE1	1000	66	11	0.10436363636363637	0.066	0.10354349108203058	0.034	0.123
Sel/DFE1	1000	67	7	0.06328571428571428	0.052	0.03209212928281266	0.0445	0.0735
Sel/DFE1	1000	68	15	0.1232	0.073	0.10338361295955675	0.046	0.189
Sel/DFE1	1000	69	12	0.09983333333333333	0.038	0.14221739654060567	0.02875	0.07925
Sel/DFE1	1000	70	11	0.0689090909090909	0.051	0.04754462019083662	0.0325	0.0865
Sel/DFE1	1000	71	9	0.12977777777777777	0.055	0.1366873968017697	0.04	0.231
Sel/DFE1	1000	72	10	0.0517	0.0425	0.031012721404109135	0.03175	0.05175
Sel/DFE1	1000	73	6	0.09666666666666665	0.08349999999999996	0.05206406310178516	0.05249999999999999	0.13324999999999998
Sel/DFE1	1000	74	9	0.07933333333333334	0.038	0.0810246875958186	0.031	0.09
Sel/DFE1	1000	75	4	0.055249999999999994	0.055499999999999994	0.015945218719101973	0.04725	0.0635
Sel/DFE1	1000	76	6	0.035333333333333335	0.0305	0.01238816639647154	0.02625	0.0415
Sel/DFE1	1000	77	9	0.06822222222222223	0.042	0.0744173665513934	0.036	0.05600000000000005
Sel/DFE1	1000	78	4	0.08	0.0315	0.10138704716744311	0.028749999999999998	0.08275
Sel/DFE1	1000	79	12	0.14116666666666666	0.0695	0.14598121506384015	0.046000000000000006	0.21075
Sel/DFE1	1000	80	3	0.124	0.052	0.1396889401491757	0.0435	0.16849999999999998
Sel/DFE1	1000	81	6	0.101	0.0395	0.1364712423919413	0.028000000000000004	0.0885
Sel/DFE1	1000	82	5	0.1984	0.031	0.23294377003903755	0.029	0.446
Sel/DFE1	1000	83	10	0.0999	0.056	0.07894224330342897	0.041749999999999995	0.1745
Sel/DFE1	1000	84	5	0.1462	0.085	0.13530594961050307	0.043	0.248
Sel/DFE1	1000	85	10	0.11359999999999999	0.044	0.13226505375360662	0.02975	0.17124999999999996
Sel/DFE1	1000	86	5	0.12380000000000001	0.079	0.1558755914182846	0.033	0.081
Sel/DFE1	1000	87	11	0.098	0.05	0.09562217316083127	0.048	0.0755
Sel/DFE1	1000	88	10	0.062099999999999995	0.041499999999999995	0.049778286207720894	0.03075	0.07475
Sel/DFE1	1000	89	6	0.13866666666666666	0.0645	0.15034582357573711	0.06	0.14699999999999996
Sel/DFE1	1000	90	6	0.18683333333333332	0.1825	0.15240133420238375	0.05075	0.28275
Sel/DFE1	1000	91	2	0.078	0.078	0.007071067811865481	0.0755	0.0805
Sel/DFE1	1000	92	7	0.10842857142857143	0.058	0.1123281756622934	0.052000000000000025	0.11099999999999999
Sel/DFE1	1000	93	11	0.07372727272727272	0.037	0.0926812720123013	0.0295	0.053000000000000005
Sel/DFE1	1000	94	10	0.1205	0.058499999999999996	0.13355918371851316	0.036500000000000005	0.121
Sel/DFE1	1000	95	13	0.08569230769230769	0.051	0.10082111602188025	0.037	0.059
Sel/DFE1	1000	96	3	0.247	0.275	0.20444314613114326	0.15250000000000002	0.35550000000000004
Sel/DFE1	1000	97	11	0.08745454545454545	0.047	0.1301916768740334	0.035500000000000004	0.0555
Sel/DFE1	1000	98	4	0.2245	0.1785	0.1841711160850148	0.10975	0.29325
Sel/DFE1	1000	99	3	0.07466666666666666	0.043	0.06825198409814423	0.0355	0.098
Sel/DFE1	1000	100	11	0.09854545454545455	0.043	0.10313424614197132	0.035500000000000004	0.1075
Sel/DFE2	100	1	10	0.099	0.035	0.1338697542804614	0.03	0.05
Sel/DFE2	100	2	5	0.064	0.03	0.06542170893518451	0.03	0.05
Sel/DFE2	100	3	8	0.08625000000000001	0.05	0.08534593470944338	0.0375	0.08499999999999999
Sel/DFE2	100	4	8	0.0775	0.06	0.05035587637718448	0.0375	0.11000000000000001
Sel/DFE2	100	5	10	0.06	0.05	0.05696002496878354	0.0325	0.05
Sel/DFE2	100	6	3	0.049999999999999996	0.03	0.034641016151377546	0.03	0.06
Sel/DFE2	100	7	5	0.12000000000000001	0.04	0.1736375535418534	0.04	0.06
Sel/DFE2	100	8	4	0.0625	0.05	0.04031128874149275	0.0375	0.075
Sel/DFE2	100	9	3	0.043333333333333335	0.03	0.023094010767585035	0.03	0.05
Sel/DFE2	100	10	2	0.04	0.04	0.014142135623730954	0.035	0.045000000000000005
Sel/DFE2	100	11	6	0.04	0.035	0.012649110640673518	0.03	0.04750000000000001
Sel/DFE2	100	12	6	0.06666666666666667	0.055	0.045018514709691024	0.03	0.08750000000000001
Sel/DFE2	100	13	6	0.07	0.04	0.0629285308902091	0.0325	0.0775
Sel/DFE2	100	14	6	0.165	0.07500000000000001	0.16084153692376854	0.07	0.275
Sel/DFE2	100	15	7	0.11285714285714285	0.08	0.095343988748511	0.035	0.16999999999999998
Sel/DFE2	100	16	4	0.06999999999999999	0.035	0.07348469228349534	0.03	0.075
Sel/DFE2	100	17	10	0.139	0.04000000000000002	0.1658278893578788	0.03	0.235
Sel/DFE2	100	18	9	0.12333333333333334	0.04	0.1603901493234544	0.03	0.1
Sel/DFE2	100	19	4	0.0875	0.035	0.10843584893075414	0.03	0.0925
Sel/DFE2	100	20	7	0.10714285714285715	0.05	0.11757469763435298	0.03	0.135
Sel/DFE2	100	21	7	0.09142857142857143	0.03	0.1453075555994447	0.03	0.05
Sel/DFE2	100	22	9	0.05777777777777778	0.04	0.04352521619066865	0.04	0.06
Sel/DFE2	100	23	4	0.1925	0.15000000000000002	0.20006249023742553	0.03	0.3125
Sel/DFE2	100	24	9	0.04666666666666667	0.04	0.025495097567963927	0.03	0.04
Sel/DFE2	100	25	12	0.12583333333333332	0.065	0.1385285223885374	0.03	0.14750000000000002
Sel/DFE2	100	26	5	0.094	0.05	0.105023806824929	0.04	0.07
Sel/DFE2	100	27	7	0.15714285714285714	0.1	0.1281554116056342	0.059999999999999984	0.25
Sel/DFE2	100	28	8	0.13999999999999999	0.07	0.12873006086935782	0.04750000000000001	0.22999999999999998
Sel/DFE2	100	29	5	0.078	0.06	0.06340346993658943	0.04	0.06
Sel/DFE2	100	30	7	0.20714285714285713	0.08	0.17885881636216927	0.07500000000000001	0.365
Sel/DFE2	100	31	5	0.124	0.08	0.11802542099056458	0.06	0.11
Sel/DFE2	100	32	3	0.043333333333333335	0.04	0.015275252316519466	0.035	0.05
Sel/DFE2	100	33	2	0.085	0.085	0.07778174593052024	0.0575	0.11250000000000002
Sel/DFE2	100	34	6	0.16166666666666668	0.045	0.19291621670213904	0.0325	0.305
Sel/DFE2	100	35	2	0.045	0.045	0.021213203435596427	0.0375	0.0525
Sel/DFE2	100	36	10	0.092	0.06	0.07254117604658902	0.0325	0.135
Sel/DFE2	100	37	8	0.058750000000000004	0.03	0.043895167322675906	0.03	0.08
Sel/DFE2	100	38	11	0.04454545454545455	0.04	0.018090680674665818	0.03	0.05
Sel/DFE2	100	39	2	0.06	0.06	0.042426406871192854	0.045	0.07500000000000001
Sel/DFE2	100	40	12	0.060833333333333336	0.04	0.062005620468607275	0.03	0.05500000000000001
Sel/DFE2	100	41	6	0.12	0.065	0.11558546621439911	0.0325	0.20249999999999999
Sel/DFE2	100	42	6	0.16666666666666666	0.14	0.1484138358330067	0.035	0.2825
Sel/DFE2	100	43	8	0.09875	0.05	0.13238876732670984	0.03	0.08499999999999999
Sel/DFE2	100	44	10	0.052000000000000005	0.05	0.019888578520235067	0.0325	0.07
Sel/DFE2	100	45	5	0.066	0.05	0.048270073544588676	0.04	0.06
Sel/DFE2	100	46	6	0.12833333333333333	0.060000000000000005	0.15651411012003572	0.05	0.115
Sel/DFE2	100	47	5	0.06	0.06	0.030822070014844886	0.03	0.08
Sel/DFE2	100	48	8	0.05	0.04	0.02449489742783178	0.03	0.065
Sel/DFE2	100	49	6	0.08666666666666667	0.05	0.07474400756359446	0.04	0.1125
Sel/DFE2	100	50	6	0.08833333333333333	0.035	0.13317907743585952	0.03	0.04
Sel/DFE2	100	51	7	0.08	0.04	0.07348469228349534	0.035	0.095
Sel/DFE2	100	52	6	0.06999999999999999	0.045	0.058309518948453	0.0325	0.08
Sel/DFE2	100	53	2	0.049999999999999975	0.049999999999999975	0.028284271247461867	0.03999999999999999	0.05999999999999996
Sel/DFE2	100	54	6	0.055	0.045	0.030166206257996715	0.03	0.075
Sel/DFE2	100	55	7	0.1057142857142857	0.04	0.1409322701225832	0.03	0.1
Sel/DFE2	100	56	6	0.14	0.15	0.08246211251235322	0.07500000000000001	0.18750000000000003
Sel/DFE2	100	57	7	0.13857142857142857	0.1	0.12992671927264376	0.05	0.17
Sel/DFE2	100	58	5	0.072	0.03	0.09391485505499117	0.03	0.03
Sel/DFE2	100	59	4	0.0825	0.095	0.03593976442141304	0.07500000000000001	0.10250000000000001
Sel/DFE2	100	60	7	0.10857142857142857	0.12	0.07492853738253345	0.04	0.155
Sel/DFE2	100	61	2	0.07	0.07	0.042426406871192854	0.055	0.085
Sel/DFE2	100	62	8	0.08875	0.04	0.11179541263269385	0.03	0.07250000000000001
Sel/DFE2	100	63	11	0.09090909090909091	0.06	0.10044446679180943	0.04	0.08499999999999999
Sel/DFE2	100	64	8	0.1475	0.065	0.15745747725293055	0.04	0.2075
Sel/DFE2	100	65	8	0.03625	0.03	0.011877349391654208	0.03	0.035
Sel/DFE2	100	66	4	0.16999999999999998	0.155	0.1453730832490435	0.060000000000000005	0.265
Sel/DFE2	100	67	9	0.06888888888888889	0.07	0.03443996386628637	0.04	0.1
Sel/DFE2	100	68	4	0.12	0.03	0.18000000000000002	0.03	0.12
Sel/DFE2	100	69	7	0.07714285714285715	0.06	0.052190128605029557	0.04	0.10500000000000001
Sel/DFE2	100	70	5	0.048	0.04	0.023874672772626643	0.04	0.04
Sel/DFE2	100	71	8	0.0825	0.035	0.10067628462410741	0.03	0.0675
Sel/DFE2	100	72	9	0.07333333333333333	0.04	0.06164414002968976	0.04	0.11
Sel/DFE2	100	73	4	0.042499999999999996	0.04	0.015	0.03	0.052500000000000005
Sel/DFE2	100	74	4	0.085	0.06	0.0732575365861197	0.0375	0.1075
Sel/DFE2	100	75	2	0.04	0.04	0	0.04	0.04
Sel/DFE2	100	76	5	0.062	0.04	0.0396232255123179	0.03	0.1
Sel/DFE2	100	77	4	0.05	0.045	0.024494897427831782	0.03	0.065
Sel/DFE2	100	78	9	0.05222222222222223	0.05	0.017159383568311672	0.04	0.06000000000000005
Sel/DFE2	100	79	4	0.09000000000000001	0.09	0.0439696865275764	0.0625	0.11750000000000001
Sel/DFE2	100	80	3	0.14333333333333334	0.1	0.09291573243177569	0.09	0.175
Sel/DFE2	100	81	6	0.1	0.04	0.15205262246998572	0.0325	0.04750000000000001
Sel/DFE2	100	82	6	0.12333333333333334	0.065	0.12404300329590003	0.06	0.1375
Sel/DFE2	100	83	3	0.04	0.03	0.017320508075688773	0.03	0.045
Sel/DFE2	100	84	8	0.06125	0.060000000000000005	0.029001231500945412	0.045000000000000005	0.07
Sel/DFE2	100	85	6	0.12833333333333333	0.075	0.13790093062291736	0.04	0.1475
Sel/DFE2	100	86	8	0.05625	0.03	0.05040904113917888	0.03	0.05
Sel/DFE2	100	87	7	0.06285714285714286	0.04	0.05023753102820166	0.035	0.065
Sel/DFE2	100	88	4	0.0825	0.065	0.06075908711186062	0.0525	0.095
Sel/DFE2	100	89	5	0.046	0.03	0.030495901363953814	0.03	0.04
Sel/DFE2	100	90	8	0.12875	0.04	0.16522171251295723	0.03	0.1425
Sel/DFE2	100	91	6	0.09000000000000001	0.065	0.0678232998312527	0.0375	0.14500000000000002
Sel/DFE2	100	92	9	0.07555555555555556	0.05	0.07090682462060882	0.03	0.09
Sel/DFE2	100	93	7	0.07428571428571429	0.05	0.05826867164470197	0.04	0.075
Sel/DFE2	100	94	7	0.13285714285714287	0.11	0.13719988893512094	0.055	0.125
Sel/DFE2	100	95	7	0.04285714285714285	0.03	0.025634797778466223	0.03	0.04
Sel/DFE2	100	96	7	0.051428571428571435	0.04	0.0397611918955202	0.03	0.04500000000000002
Sel/DFE2	100	97	7	0.08857142857142856	0.07	0.07380798769522881	0.04	0.1
Sel/DFE2	100	98	6	0.10333333333333333	0.10500000000000001	0.04760952285695233	0.07750000000000001	0.1175
Sel/DFE2	100	99	7	0.08	0.06	0.06831300510639733	0.045	0.07500000000000001
Sel/DFE2	100	100	9	0.04777777777777777	0.03	0.04969350505291858	0.03	0.03
Sel/DFE2	1000	1	6	0.16466666666666668	0.0465	0.19363023179934136	0.043	0.30875
Sel/DFE2	1000	2	3	0.08499999999999999	0.063	0.054442630355264796	0.054	0.105
Sel/DFE2	1000	3	7	0.09971428571428571	0.044	0.1159061607302998	0.04	0.09949999999999999
Sel/DFE2	1000	4	7	0.07385714285714286	0.048	0.061936603532506185	0.033	0.0955
Sel/DFE2	1000	5	5	0.0842	0.071	0.05618896688852714	0.065	0.077
Sel/DFE2	1000	6	1	0.049	0.049	NA	0.049	0.049
Sel/DFE2	1000	7	3	0.18433333333333332	0.073	0.22926040507103124	0.0525	0.26049999999999995
Sel/DFE2	1000	8	4	0.06675	0.0395	0.06192670398678317	0.032	0.07425000000000001
Sel/DFE2	1000	9	3	0.043666666666666666	0.029	0.026274195198584736	0.0285	0.0515
Sel/DFE2	1000	10	3	0.052	0.043	0.02762245463386627	0.0365	0.063
Sel/DFE2	1000	11	3	0.04733333333333333	0.049	0.013576941236277533	0.041	0.0545
Sel/DFE2	1000	12	7	0.05385714285714285	0.04	0.041730997956868826	0.028499999999999998	0.056999999999999995
Sel/DFE2	1000	13	5	0.0678	0.031	0.07244101048439344	0.029	0.054
Sel/DFE2	1000	14	4	0.21775	0.2185	0.1892694287693252	0.057999999999999996	0.37825
Sel/DFE2	1000	15	7	0.11557142857142857	0.12	0.08721020036451614	0.05	0.125
Sel/DFE2	1000	16	4	0.07100000000000001	0.0465	0.06571149062378664	0.028000000000000004	0.0895
Sel/DFE2	1000	17	7	0.1975714285714286	0.103	0.18587976144348184	0.042000000000000016	0.36050000000000004
Sel/DFE2	1000	18	6	0.15816666666666668	0.1255	0.11711091608670246	0.06975	0.24874999999999997
Sel/DFE2	1000	19	3	0.09766666666666667	0.06	0.09619944559784809	0.043	0.1335
Sel/DFE2	1000	20	7	0.10828571428571429	0.042	0.12485820529132809	0.035500000000000004	0.124
Sel/DFE2	1000	21	3	0.168	0.086	0.19443250757010774	0.056999999999999995	0.238
Sel/DFE2	1000	22	6	0.053000000000000005	0.034	0.05354997665732451	0.02925	0.035
Sel/DFE2	1000	23	2	0.3235	0.3235	0.040305086527633205	0.30925	0.33775
Sel/DFE2	1000	24	3	0.07833333333333334	0.069	0.01973153144926499	0.067	0.085
Sel/DFE2	1000	25	10	0.1217	0.062	0.115438343331456	0.04875	0.16875
Sel/DFE2	1000	26	6	0.08716666666666667	0.0465	0.1095324913743254	0.040999999999999995	0.052000000000000005
Sel/DFE2	1000	27	6	0.176	0.173	0.12844765470805605	0.06425	0.27649999999999997
Sel/DFE2	1000	28	7	0.15557142857142855	0.07	0.14835189824968778	0.0435	0.274
Sel/DFE2	1000	29	7	0.06428571428571428	0.052	0.05436210164478646	0.0345	0.0565
Sel/DFE2	1000	30	6	0.23650000000000002	0.20550000000000002	0.1708388129202495	0.08775	0.3945000000000001
Sel/DFE2	1000	31	4	0.15225	0.07999999999999999	0.1596378714465963	0.06849999999999999	0.16375
Sel/DFE2	1000	32	2	0.048	0.048	0.014142135623730954	0.043	0.053000000000000005
Sel/DFE2	1000	33	2	0.083	0.083	0.07212489168102786	0.0575	0.10850000000000001
Sel/DFE2	1000	34	5	0.1948	0.045	0.2181449059684869	0.039	0.385
Sel/DFE2	1000	35	2	0.0465	0.0465	0.024748737341529162	0.037750000000000006	0.05525
Sel/DFE2	1000	36	9	0.09222222222222222	0.037	0.08154872435816789	0.033	0.123
Sel/DFE2	1000	37	7	0.07585714285714286	0.055	0.055843318225873635	0.0405	0.09949999999999999
Sel/DFE2	1000	38	6	0.06366666666666666	0.053	0.03500666603186694	0.04325	0.077
Sel/DFE2	1000	39	3	0.059666666666666666	0.054	0.015307950004273378	0.051000000000000004	0.0655
Sel/DFE2	1000	40	10	0.0682	0.036	0.09719945130160629	0.033	0.04525
Sel/DFE2	1000	41	4	0.17300000000000001	0.18200000000000002	0.12870379429786313	0.07275	0.28225
Sel/DFE2	1000	42	7	0.13857142857142857	0.051	0.13863724504723005	0.036500000000000005	0.2175
Sel/DFE2	1000	43	5	0.148	0.081	0.1906751163628857	0.039	0.109
Sel/DFE2	1000	44	8	0.053	0.0475	0.02640887296778436	0.0325	0.06525
Sel/DFE2	1000	45	4	0.0845	0.0615	0.05754128952326321	0.056249999999999994	0.08975
Sel/DFE2	1000	46	4	0.188	0.10600000000000001	0.2024401146018249	0.08625000000000001	0.20775
Sel/DFE2	1000	47	3	0.06933333333333333	0.051	0.03888873015840622	0.047	0.0825
Sel/DFE2	1000	48	5	0.0626	0.069	0.024724481794367297	0.047	0.083
Sel/DFE2	1000	49	4	0.0695	0.0685	0.04563989482897611	0.03	0.108
Sel/DFE2	1000	50	4	0.136	0.0385	0.2013934788748964	0.034249999999999996	0.14024999999999999
Sel/DFE2	1000	51	4	0.11775	0.089	0.08775486691156603	0.0545	0.15225
Sel/DFE2	1000	52	6	0.07216666666666667	0.0445	0.0651626170949776	0.03325	0.07675
Sel/DFE2	1000	53	1	0.14700000000000002	0.14700000000000002	NA	0.14700000000000002	0.14700000000000002
Sel/DFE2	1000	54	4	0.0535	0.057999999999999996	0.011210114480533492	0.051250000000000004	0.06025
Sel/DFE2	1000	55	6	0.13883333333333334	0.0405	0.1776563161462791	0.0305	0.18175000000000002
Sel/DFE2	1000	56	6	0.129	0.1265	0.06892314560436139	0.07524999999999998	0.16875
Sel/DFE2	1000	57	7	0.11014285714285714	0.055	0.11496583343386355	0.039	0.1295
Sel/DFE2	1000	58	3	0.09766666666666665	0.043	0.10080839912097271	0.03949999999999999	0.12849999999999998
Sel/DFE2	1000	59	4	0.0755	0.08549999999999999	0.03090307428072489	0.067	0.094
Sel/DFE2	1000	60	11	0.08654545454545455	0.046	0.07163569450541209	0.032	0.14900000000000002
Sel/DFE2	1000	61	3	0.07533333333333334	0.071	0.03768730997740929	0.055499999999999994	0.093
Sel/DFE2	1000	62	4	0.13025	0.091	0.12901517998540585	0.037	0.18424999999999997
Sel/DFE2	1000	63	9	0.09177777777777778	0.059	0.10341032078300716	0.038000000000000034	0.088
Sel/DFE2	1000	64	6	0.20550000000000002	0.1365	0.186098629763897	0.06725	0.3235
Sel/DFE2	1000	65	7	0.041428571428571426	0.036	0.012699831269970254	0.033	0.048
Sel/DFE2	1000	66	3	0.2026666666666667	0.273	0.1270524825941364	0.1645	0.276
Sel/DFE2	1000	67	7	0.06642857142857143	0.07	0.03474601724350165	0.0395	0.077
Sel/DFE2	1000	68	3	0.17533333333333334	0.033	0.2465285649439702	0.033	0.2465
Sel/DFE2	1000	69	10	0.0641	0.0415	0.05354842045600723	0.029	0.075
Sel/DFE2	1000	70	5	0.039400000000000004	0.029	0.017615334229017628	0.028	0.045
Sel/DFE2	1000	71	5	0.10700000000000001	0.043	0.09974216761229926	0.041	0.17700000000000005
Sel/DFE2	1000	72	8	0.08524999999999999	0.047	0.076127243105587	0.025750000000000002	0.1415
Sel/DFE2	1000	73	2	0.048	0.048	0.008485281374238568	0.045	0.051000000000000004
Sel/DFE2	1000	74	3	0.10366666666666666	0.053	0.08949487881065224	0.052	0.13
Sel/DFE2	1000	75	1	0.04	0.04	NA	0.04	0.04
Sel/DFE2	1000	76	4	0.07525	0.077	0.05175181156249508	0.03225	0.12
Sel/DFE2	1000	77	5	0.046	0.033	0.024494897427831782	0.027	0.069
Sel/DFE2	1000	78	10	0.0485	0.03950000000000002	0.027212129648375556	0.028000000000000004	0.05375
Sel/DFE2	1000	79	4	0.10675	0.1245	0.049005952019457115	0.0965	0.13475
Sel/DFE2	1000	80	5	0.0764	0.045	0.07828345930016123	0.034	0.064
Sel/DFE2	1000	81	2	0.227	0.227	0.2588010819142764	0.1355	0.3185
Sel/DFE2	1000	82	9	0.083	0.04	0.0899096768985408	0.03	0.079
Sel/DFE2	1000	83	3	0.033	0.029	0.01058300524425836	0.027000000000000003	0.037
Sel/DFE2	1000	84	7	0.06714285714285714	0.046	0.042943484455070215	0.041	0.07550000000000001
Sel/DFE2	1000	85	5	0.1488	0.141	0.13866217941457576	0.043	0.159
Sel/DFE2	1000	86	4	0.08275	0.064	0.05770254182731757	0.05625	0.0905
Sel/DFE2	1000	87	3	0.07833333333333334	0.05	0.05704676444228308	0.0455	0.097
Sel/DFE2	1000	88	5	0.057	0.03	0.0562716624954337	0.028	0.043
Sel/DFE2	1000	89	3	0.05433333333333333	0.062	0.024419937209856482	0.0445	0.068
Sel/DFE2	1000	90	4	0.19924999999999998	0.20049999999999998	0.18439156705229226	0.0465	0.35325
Sel/DFE2	1000	91	6	0.09366666666666666	0.052000000000000005	0.08816045976891605	0.0335	0.138
Sel/DFE2	1000	92	5	0.09280000000000001	0.05	0.09276691220472956	0.049	0.078
Sel/DFE2	1000	93	4	0.0995	0.0665	0.08751571287488893	0.044750000000000005	0.12125
Sel/DFE2	1000	94	6	0.13516666666666666	0.078	0.16160868376008347	0.053750000000000006	0.10225000000000001
Sel/DFE2	1000	95	5	0.061000000000000006	0.039	0.0600041665220008	0.03	0.039
Sel/DFE2	1000	96	3	0.07	0.033	0.0702353187506115	0.029500000000000012	0.092
Sel/DFE2	1000	97	8	0.104125	0.08249999999999999	0.09219457297321945	0.03825	0.12075
Sel/DFE2	1000	98	5	0.0838	0.066	0.048427265047698086	0.062	0.084
Sel/DFE2	1000	99	6	0.06866666666666667	0.047	0.058520651625444724	0.041999999999999996	0.05500000000000001
Sel/DFE2	1000	100	7	0.061142857142857145	0.038	0.05738881590062815	0.038	0.0445
